iso_code,continent,location,date,total_cases,new_cases
IDN,Asia,Indonesia,2020-05-20,19189,693
IDN,Asia,Indonesia,2020-05-21,20162,973
IDN,Asia,Indonesia,2020-05-22,20796,634
IDN,Asia,Indonesia,2020-05-23,21745,949
IDN,Asia,Indonesia,2020-05-24,22271,526
IDN,Asia,Indonesia,2020-05-25,22750,479
IDN,Asia,Indonesia,2020-05-26,23165,415
IDN,Asia,Indonesia,2020-05-27,23851,686
IDN,Asia,Indonesia,2020-05-28,24538,687
IDN,Asia,Indonesia,2020-05-29,25216,678
IDN,Asia,Indonesia,2020-05-30,25773,557
IDN,Asia,Indonesia,2020-05-31,26473,700
IDN,Asia,Indonesia,2020-06-01,26940,467
IDN,Asia,Indonesia,2020-06-02,27549,609
IDN,Asia,Indonesia,2020-06-03,28233,684
IDN,Asia,Indonesia,2020-06-04,28818,585
IDN,Asia,Indonesia,2020-06-05,29521,703
IDN,Asia,Indonesia,2020-06-06,30514,993
IDN,Asia,Indonesia,2020-06-07,31186,672
IDN,Asia,Indonesia,2020-06-08,32033,847
IDN,Asia,Indonesia,2020-06-09,33076,1043
IDN,Asia,Indonesia,2020-06-10,34316,1240
IDN,Asia,Indonesia,2020-06-11,35295,979
IDN,Asia,Indonesia,2020-06-12,36406,1111
IDN,Asia,Indonesia,2020-06-13,37420,1014
IDN,Asia,Indonesia,2020-06-14,38277,857
IDN,Asia,Indonesia,2020-06-15,39294,1017
IDN,Asia,Indonesia,2020-06-16,40400,1106
IDN,Asia,Indonesia,2020-06-17,41431,1031
IDN,Asia,Indonesia,2020-06-18,42762,1331
IDN,Asia,Indonesia,2020-06-19,43803,1041
IDN,Asia,Indonesia,2020-06-20,45029,1226
IDN,Asia,Indonesia,2020-06-21,45891,862
IDN,Asia,Indonesia,2020-06-22,46845,954
IDN,Asia,Indonesia,2020-06-23,47896,1051
IDN,Asia,Indonesia,2020-06-24,49009,1113
IDN,Asia,Indonesia,2020-06-25,50187,1178
IDN,Asia,Indonesia,2020-06-26,51427,1240
IDN,Asia,Indonesia,2020-06-27,52812,1385
IDN,Asia,Indonesia,2020-06-28,54010,1198
IDN,Asia,Indonesia,2020-06-29,55092,1082
IDN,Asia,Indonesia,2020-06-30,56385,1293
IDN,Asia,Indonesia,2020-07-01,57770,1385
IDN,Asia,Indonesia,2020-07-02,59394,1624
IDN,Asia,Indonesia,2020-07-03,60695,1301
IDN,Asia,Indonesia,2020-07-04,62142,1447
IDN,Asia,Indonesia,2020-07-05,63749,1607
IDN,Asia,Indonesia,2020-07-06,64958,1209
IDN,Asia,Indonesia,2020-07-07,66226,1268
IDN,Asia,Indonesia,2020-07-08,68079,1853
IDN,Asia,Indonesia,2020-07-09,70736,2657
IDN,Asia,Indonesia,2020-07-10,72347,1611
IDN,Asia,Indonesia,2020-07-11,74018,1671
IDN,Asia,Indonesia,2020-07-12,75699,1681
IDN,Asia,Indonesia,2020-07-13,76981,1282
IDN,Asia,Indonesia,2020-07-14,78572,1591
IDN,Asia,Indonesia,2020-07-15,80094,1522
IDN,Asia,Indonesia,2020-07-16,81668,1574
IDN,Asia,Indonesia,2020-07-17,83130,1462
IDN,Asia,Indonesia,2020-07-18,84882,1752
IDN,Asia,Indonesia,2020-07-19,86521,1639
IDN,Asia,Indonesia,2020-07-20,88214,1693
IDN,Asia,Indonesia,2020-07-21,89869,1655
IDN,Asia,Indonesia,2020-07-22,91751,1882
IDN,Asia,Indonesia,2020-07-23,93657,1906
IDN,Asia,Indonesia,2020-07-24,95418,1761
IDN,Asia,Indonesia,2020-07-25,97286,1868
IDN,Asia,Indonesia,2020-07-26,98778,1492
IDN,Asia,Indonesia,2020-07-27,100303,1525
IDN,Asia,Indonesia,2020-07-28,102051,1748
IDN,Asia,Indonesia,2020-07-29,104432,2381
IDN,Asia,Indonesia,2020-07-30,106336,1904
IDN,Asia,Indonesia,2020-07-31,108376,2040
IDN,Asia,Indonesia,2020-08-01,109936,1560
IDN,Asia,Indonesia,2020-08-02,111455,1519
IDN,Asia,Indonesia,2020-08-03,113134,1679
IDN,Asia,Indonesia,2020-08-04,115056,1922
IDN,Asia,Indonesia,2020-08-05,116871,1815
IDN,Asia,Indonesia,2020-08-06,118753,1882
IDN,Asia,Indonesia,2020-08-07,121226,2473
IDN,Asia,Indonesia,2020-08-08,123503,2277
IDN,Asia,Indonesia,2020-08-09,125396,1893
IDN,Asia,Indonesia,2020-08-10,127083,1687
IDN,Asia,Indonesia,2020-08-11,128776,1693
IDN,Asia,Indonesia,2020-08-12,130718,1942
IDN,Asia,Indonesia,2020-08-13,132816,2098
IDN,Asia,Indonesia,2020-08-14,135123,2307
IDN,Asia,Indonesia,2020-08-15,137468,2345
IDN,Asia,Indonesia,2020-08-16,139549,2081
IDN,Asia,Indonesia,2020-08-17,141370,1821
IDN,Asia,Indonesia,2020-08-18,143043,1673
IDN,Asia,Indonesia,2020-08-19,144945,1902
IDN,Asia,Indonesia,2020-08-20,147211,2266
IDN,Asia,Indonesia,2020-08-21,149408,2197
IDN,Asia,Indonesia,2020-08-22,151498,2090
IDN,Asia,Indonesia,2020-08-23,153535,2037
IDN,Asia,Indonesia,2020-08-24,155412,1877
IDN,Asia,Indonesia,2020-08-25,157859,2447
IDN,Asia,Indonesia,2020-08-26,160165,2306
IDN,Asia,Indonesia,2020-08-27,162884,2719
IDN,Asia,Indonesia,2020-08-28,165887,3003
IDN,Asia,Indonesia,2020-08-29,169195,3308
IDN,Asia,Indonesia,2020-08-30,172053,2858
IDN,Asia,Indonesia,2020-08-31,174796,2743
IDN,Asia,Indonesia,2020-09-01,177571,2775
IDN,Asia,Indonesia,2020-09-02,180646,3075
IDN,Asia,Indonesia,2020-09-03,184268,3622
IDN,Asia,Indonesia,2020-09-04,187537,3269
IDN,Asia,Indonesia,2020-09-05,190665,3128
IDN,Asia,Indonesia,2020-09-06,194109,3444
IDN,Asia,Indonesia,2020-09-07,196989,2880
IDN,Asia,Indonesia,2020-09-08,200035,3046
IDN,Asia,Indonesia,2020-09-09,203342,3307
IDN,Asia,Indonesia,2020-09-10,207203,3861
IDN,Asia,Indonesia,2020-09-11,210940,3737
IDN,Asia,Indonesia,2020-09-12,214746,3806
IDN,Asia,Indonesia,2020-09-13,218382,3636
IDN,Asia,Indonesia,2020-09-14,221523,3141
IDN,Asia,Indonesia,2020-09-15,225030,3507
IDN,Asia,Indonesia,2020-09-16,228993,3963
IDN,Asia,Indonesia,2020-09-17,232628,3635
IDN,Asia,Indonesia,2020-09-18,236519,3891
IDN,Asia,Indonesia,2020-09-19,240687,4168
IDN,Asia,Indonesia,2020-09-20,244676,3989
IDN,Asia,Indonesia,2020-09-21,248852,4176
IDN,Asia,Indonesia,2020-09-22,252923,4071
IDN,Asia,Indonesia,2020-09-23,257388,4465
IDN,Asia,Indonesia,2020-09-24,262022,4634
IDN,Asia,Indonesia,2020-09-25,266845,4823
IDN,Asia,Indonesia,2020-09-26,271339,4494
IDN,Asia,Indonesia,2020-09-27,275213,3874
IDN,Asia,Indonesia,2020-09-28,278722,3509
IDN,Asia,Indonesia,2020-09-29,282724,4002
IDN,Asia,Indonesia,2020-09-30,287008,4284
IDN,Asia,Indonesia,2020-10-01,291182,4174
IDN,Asia,Indonesia,2020-10-02,295499,4317
IDN,Asia,Indonesia,2020-10-03,299506,4007
IDN,Asia,Indonesia,2020-10-04,303498,3992
IDN,Asia,Indonesia,2020-10-05,307120,3622
IDN,Asia,Indonesia,2020-10-06,311176,4056
IDN,Asia,Indonesia,2020-10-07,315714,4538
IDN,Asia,Indonesia,2020-10-08,320564,4850
IDN,Asia,Indonesia,2020-10-09,324658,4094
IDN,Asia,Indonesia,2020-10-10,328952,4294
IDN,Asia,Indonesia,2020-10-11,333449,4497
IDN,Asia,Indonesia,2020-10-12,336716,3267
IDN,Asia,Indonesia,2020-10-13,340622,3906
IDN,Asia,Indonesia,2020-10-14,344749,4127
IDN,Asia,Indonesia,2020-10-15,349160,4411
IDN,Asia,Indonesia,2020-10-16,353461,4301
IDN,Asia,Indonesia,2020-10-17,357762,4301
IDN,Asia,Indonesia,2020-10-18,361867,4105
IDN,Asia,Indonesia,2020-10-19,365240,3373
IDN,Asia,Indonesia,2020-10-20,368842,3602
IDN,Asia,Indonesia,2020-10-21,373109,4267
IDN,Asia,Indonesia,2020-10-22,377541,4432
IDN,Asia,Indonesia,2020-10-23,381910,4369
IDN,Asia,Indonesia,2020-10-24,385980,4070
IDN,Asia,Indonesia,2020-10-25,389712,3732
IDN,Asia,Indonesia,2020-10-26,392934,3222
IDN,Asia,Indonesia,2020-10-27,396454,3520
IDN,Asia,Indonesia,2020-10-28,400483,4029
IDN,Asia,Indonesia,2020-10-29,404048,3565
IDN,Asia,Indonesia,2020-10-30,406945,2897
IDN,Asia,Indonesia,2020-10-31,410088,3143
IDN,Asia,Indonesia,2020-11-01,412784,2696
IDN,Asia,Indonesia,2020-11-02,415402,2618
IDN,Asia,Indonesia,2020-11-03,418375,2973
IDN,Asia,Indonesia,2020-11-04,421731,3356
IDN,Asia,Indonesia,2020-11-05,425796,4065
IDN,Asia,Indonesia,2020-11-06,429574,3778
IDN,Asia,Indonesia,2020-11-07,433836,4262
IDN,Asia,Indonesia,2020-11-08,437716,3880
IDN,Asia,Indonesia,2020-11-09,440569,2853
IDN,Asia,Indonesia,2020-11-10,444348,3779
IDN,Asia,Indonesia,2020-11-11,448118,3770
IDN,Asia,Indonesia,2020-11-12,452291,4173
IDN,Asia,Indonesia,2020-11-13,457735,5444
IDN,Asia,Indonesia,2020-11-14,463007,5272
IDN,Asia,Indonesia,2020-11-15,467113,4106
IDN,Asia,Indonesia,2020-11-16,470648,3535
IDN,Asia,Indonesia,2020-11-17,474455,3807
IDN,Asia,Indonesia,2020-11-18,478720,4265
IDN,Asia,Indonesia,2020-11-19,483518,4798
IDN,Asia,Indonesia,2020-11-20,488310,4792
IDN,Asia,Indonesia,2020-11-21,493308,4998
IDN,Asia,Indonesia,2020-11-22,497668,4360
IDN,Asia,Indonesia,2020-11-23,502110,4442
IDN,Asia,Indonesia,2020-11-24,506302,4192
IDN,Asia,Indonesia,2020-11-25,511836,5534
IDN,Asia,Indonesia,2020-11-26,516753,4917
IDN,Asia,Indonesia,2020-11-27,522581,5828
IDN,Asia,Indonesia,2020-11-28,527999,5418
IDN,Asia,Indonesia,2020-11-29,534266,6267
IDN,Asia,Indonesia,2020-11-30,538883,4617
IDN,Asia,Indonesia,2020-12-01,543975,5092
IDN,Asia,Indonesia,2020-12-02,549508,5533
IDN,Asia,Indonesia,2020-12-03,557877,8369
IDN,Asia,Indonesia,2020-12-04,563680,5803
IDN,Asia,Indonesia,2020-12-05,569707,6027
IDN,Asia,Indonesia,2020-12-06,575796,6089
IDN,Asia,Indonesia,2020-12-07,581550,5754
IDN,Asia,Indonesia,2020-12-08,586842,5292
IDN,Asia,Indonesia,2020-12-09,592900,6058
IDN,Asia,Indonesia,2020-12-10,598933,6033
IDN,Asia,Indonesia,2020-12-11,605243,6310
IDN,Asia,Indonesia,2020-12-12,611631,6388
IDN,Asia,Indonesia,2020-12-13,617820,6189
IDN,Asia,Indonesia,2020-12-14,623309,5489
IDN,Asia,Indonesia,2020-12-15,629429,6120
IDN,Asia,Indonesia,2020-12-16,636154,6725
IDN,Asia,Indonesia,2020-12-17,643508,7354
IDN,Asia,Indonesia,2020-12-18,650197,6689
IDN,Asia,Indonesia,2020-12-19,657948,7751
IDN,Asia,Indonesia,2020-12-20,664930,6982
IDN,Asia,Indonesia,2020-12-21,671778,6848
IDN,Asia,Indonesia,2020-12-22,678125,6347
IDN,Asia,Indonesia,2020-12-23,685639,7514
IDN,Asia,Indonesia,2020-12-24,692838,7199
IDN,Asia,Indonesia,2020-12-25,700097,7259
IDN,Asia,Indonesia,2020-12-26,706837,6740
IDN,Asia,Indonesia,2020-12-27,713365,6528
IDN,Asia,Indonesia,2020-12-28,719219,5854
IDN,Asia,Indonesia,2020-12-29,727122,7903
IDN,Asia,Indonesia,2020-12-30,735124,8002
IDN,Asia,Indonesia,2020-12-31,743198,8074
IDN,Asia,Indonesia,2021-01-01,751270,8072
IDN,Asia,Indonesia,2021-01-02,758473,7203
IDN,Asia,Indonesia,2021-01-03,765350,6877
IDN,Asia,Indonesia,2021-01-04,772103,6753
IDN,Asia,Indonesia,2021-01-05,779548,7445
IDN,Asia,Indonesia,2021-01-06,788402,8854
IDN,Asia,Indonesia,2021-01-07,797723,9321
IDN,Asia,Indonesia,2021-01-08,808340,10617
IDN,Asia,Indonesia,2021-01-09,818386,10046
IDN,Asia,Indonesia,2021-01-10,828026,9640
IDN,Asia,Indonesia,2021-01-11,836718,8692
IDN,Asia,Indonesia,2021-01-12,846765,10047
IDN,Asia,Indonesia,2021-01-13,858043,11278
IDN,Asia,Indonesia,2021-01-14,869600,11557
IDN,Asia,Indonesia,2021-01-15,882418,12818
IDN,Asia,Indonesia,2021-01-16,896642,14224
IDN,Asia,Indonesia,2021-01-17,907929,11287
IDN,Asia,Indonesia,2021-01-18,917015,9086
IDN,Asia,Indonesia,2021-01-19,927380,10365
IDN,Asia,Indonesia,2021-01-20,939948,12568
IDN,Asia,Indonesia,2021-01-21,951651,11703
IDN,Asia,Indonesia,2021-01-22,965283,13632
IDN,Asia,Indonesia,2021-01-23,977474,12191
IDN,Asia,Indonesia,2021-01-24,989262,11788
IDN,Asia,Indonesia,2021-01-25,999256,9994
IDN,Asia,Indonesia,2021-01-26,1012350,13094
IDN,Asia,Indonesia,2021-01-27,1024298,11948
IDN,Asia,Indonesia,2021-01-28,1037993,13695
IDN,Asia,Indonesia,2021-01-29,1051795,13802
IDN,Asia,Indonesia,2021-01-30,1066313,14518
IDN,Asia,Indonesia,2021-01-31,1078314,12001
IDN,Asia,Indonesia,2021-02-01,1089308,10994
IDN,Asia,Indonesia,2021-02-02,1099687,10379
IDN,Asia,Indonesia,2021-02-03,1111671,11984
IDN,Asia,Indonesia,2021-02-04,1123105,11434
IDN,Asia,Indonesia,2021-02-05,1134854,11749
IDN,Asia,Indonesia,2021-02-06,1147010,12156
IDN,Asia,Indonesia,2021-02-07,1157837,10827
IDN,Asia,Indonesia,2021-02-08,1166079,8242
IDN,Asia,Indonesia,2021-02-09,1174779,8700
IDN,Asia,Indonesia,2021-02-10,1183555,8776
IDN,Asia,Indonesia,2021-02-11,1191990,8435
IDN,Asia,Indonesia,2021-02-12,1201859,9869
IDN,Asia,Indonesia,2021-02-13,1210703,8844
IDN,Asia,Indonesia,2021-02-14,1217468,6765
IDN,Asia,Indonesia,2021-02-15,1223930,6462
IDN,Asia,Indonesia,2021-02-16,1233959,10029
IDN,Asia,Indonesia,2021-02-17,1243646,9687
IDN,Asia,Indonesia,2021-02-18,1252685,9039
IDN,Asia,Indonesia,2021-02-19,1263299,10614
IDN,Asia,Indonesia,2021-02-20,1271353,8054
IDN,Asia,Indonesia,2021-02-21,1278653,7300
IDN,Asia,Indonesia,2021-02-22,1288833,10180
IDN,Asia,Indonesia,2021-02-23,1298608,9775
IDN,Asia,Indonesia,2021-02-24,1306141,7533
IDN,Asia,Indonesia,2021-02-25,1314634,8493
IDN,Asia,Indonesia,2021-02-26,1322866,8232
IDN,Asia,Indonesia,2021-02-27,1329074,6208
IDN,Asia,Indonesia,2021-02-28,1334634,5560
IDN,Asia,Indonesia,2021-03-01,1341314,6680
IDN,Asia,Indonesia,2021-03-02,1347026,5712
IDN,Asia,Indonesia,2021-03-03,1353834,6808
IDN,Asia,Indonesia,2021-03-04,1361098,7264
IDN,Asia,Indonesia,2021-03-05,1368069,6971
IDN,Asia,Indonesia,2021-03-06,1373836,5767
IDN,Asia,Indonesia,2021-03-07,1379662,5826
IDN,Asia,Indonesia,2021-03-08,1386556,6894
IDN,Asia,Indonesia,2021-03-09,1392945,6389
IDN,Asia,Indonesia,2021-03-10,1398578,5633
IDN,Asia,Indonesia,2021-03-11,1403722,5144
IDN,Asia,Indonesia,2021-03-12,1410134,6412
IDN,Asia,Indonesia,2021-03-13,1414741,4607
IDN,Asia,Indonesia,2021-03-14,1419455,4714
IDN,Asia,Indonesia,2021-03-15,1425044,5589
IDN,Asia,Indonesia,2021-03-16,1430458,5414
IDN,Asia,Indonesia,2021-03-17,1437283,6825
IDN,Asia,Indonesia,2021-03-18,1443853,6570
IDN,Asia,Indonesia,2021-03-19,1450132,6279
IDN,Asia,Indonesia,2021-03-20,1455788,5656
IDN,Asia,Indonesia,2021-03-21,1460184,4396
IDN,Asia,Indonesia,2021-03-22,1465928,5744
IDN,Asia,Indonesia,2021-03-23,1471225,5297
IDN,Asia,Indonesia,2021-03-24,1476452,5227
IDN,Asia,Indonesia,2021-03-25,1482559,6107
IDN,Asia,Indonesia,2021-03-26,1487541,4982
IDN,Asia,Indonesia,2021-03-27,1492002,4461
IDN,Asia,Indonesia,2021-03-28,1496085,4083
IDN,Asia,Indonesia,2021-03-29,1501093,5008
IDN,Asia,Indonesia,2021-03-30,1505775,4682
IDN,Asia,Indonesia,2021-03-31,1511712,5937
IDN,Asia,Indonesia,2021-04-01,1517854,6142
IDN,Asia,Indonesia,2021-04-02,1523179,5325
IDN,Asia,Indonesia,2021-04-03,1527524,4345
IDN,Asia,Indonesia,2021-04-04,1534255,6731
IDN,Asia,Indonesia,2021-04-05,1537967,3712
IDN,Asia,Indonesia,2021-04-06,1542516,4549
IDN,Asia,Indonesia,2021-04-07,1547376,4860
IDN,Asia,Indonesia,2021-04-08,1552880,5504
IDN,Asia,Indonesia,2021-04-09,1558145,5265
IDN,Asia,Indonesia,2021-04-10,1562868,4723
IDN,Asia,Indonesia,2021-04-11,1566995,4127
IDN,Asia,Indonesia,2021-04-12,1571824,4829
IDN,Asia,Indonesia,2021-04-13,1577526,5702
IDN,Asia,Indonesia,2021-04-14,1583182,5656
IDN,Asia,Indonesia,2021-04-15,1589359,6177
IDN,Asia,Indonesia,2021-04-16,1594722,5363
IDN,Asia,Indonesia,2021-04-17,1599763,5041
IDN,Asia,Indonesia,2021-04-18,1604348,4585
IDN,Asia,Indonesia,2021-04-19,1609300,4952
IDN,Asia,Indonesia,2021-04-20,1614849,5549
IDN,Asia,Indonesia,2021-04-21,1620569,5720
IDN,Asia,Indonesia,2021-04-22,1626812,6243
IDN,Asia,Indonesia,2021-04-23,1632248,5436
IDN,Asia,Indonesia,2021-04-24,1636792,4544
IDN,Asia,Indonesia,2021-04-25,1641194,4402
IDN,Asia,Indonesia,2021-04-26,1647138,5944
IDN,Asia,Indonesia,2021-04-27,1651794,4656
IDN,Asia,Indonesia,2021-04-28,1657035,5241
IDN,Asia,Indonesia,2021-04-29,1662868,5833
IDN,Asia,Indonesia,2021-04-30,1668368,5500
IDN,Asia,Indonesia,2021-05-01,1672880,4512
IDN,Asia,Indonesia,2021-05-02,1677274,4394
IDN,Asia,Indonesia,2021-05-03,1682004,4730
IDN,Asia,Indonesia,2021-05-04,1686373,4369
IDN,Asia,Indonesia,2021-05-05,1691658,5285
IDN,Asia,Indonesia,2021-05-06,1697305,5647
IDN,Asia,Indonesia,2021-05-07,1703632,6327
IDN,Asia,Indonesia,2021-05-08,1709762,6130
IDN,Asia,Indonesia,2021-05-09,1713684,3922
IDN,Asia,Indonesia,2021-05-10,1718575,4891
IDN,Asia,Indonesia,2021-05-11,1723596,5021
IDN,Asia,Indonesia,2021-05-12,1728204,4608
IDN,Asia,Indonesia,2021-05-13,1731652,3448
IDN,Asia,Indonesia,2021-05-14,1734285,2633
IDN,Asia,Indonesia,2021-05-15,1736670,2385
IDN,Asia,Indonesia,2021-05-16,1739750,3080
IDN,Asia,Indonesia,2021-05-17,1744045,4295
IDN,Asia,Indonesia,2021-05-18,1748230,4185
IDN,Asia,Indonesia,2021-05-19,1753101,4871
IDN,Asia,Indonesia,2021-05-20,1758898,5797
IDN,Asia,Indonesia,2021-05-21,1764644,5746
IDN,Asia,Indonesia,2021-05-22,1769940,5296
IDN,Asia,Indonesia,2021-05-23,1775220,5280
IDN,Asia,Indonesia,2021-05-24,1781127,5907
IDN,Asia,Indonesia,2021-05-25,1786187,5060
IDN,Asia,Indonesia,2021-05-26,1791221,5034
IDN,Asia,Indonesia,2021-05-27,1797499,6278
IDN,Asia,Indonesia,2021-05-28,1803361,5862
IDN,Asia,Indonesia,2021-05-29,1809926,6565
IDN,Asia,Indonesia,2021-05-30,1816041,6115
IDN,Asia,Indonesia,2021-05-31,1821703,5662
IDN,Asia,Indonesia,2021-06-01,1826527,4824
IDN,Asia,Indonesia,2021-06-02,1831773,5246
IDN,Asia,Indonesia,2021-06-03,1837126,5353
IDN,Asia,Indonesia,2021-06-04,1843612,6486
IDN,Asia,Indonesia,2021-06-05,1850206,6594
IDN,Asia,Indonesia,2021-06-06,1856038,5832
IDN,Asia,Indonesia,2021-06-07,1863031,6993
IDN,Asia,Indonesia,2021-06-08,1869325,6294
IDN,Asia,Indonesia,2021-06-09,1877050,7725
IDN,Asia,Indonesia,2021-06-10,1885942,8892
IDN,Asia,Indonesia,2021-06-11,1894025,8083
IDN,Asia,Indonesia,2021-06-12,1901490,7465
IDN,Asia,Indonesia,2021-06-13,1911358,9868
IDN,Asia,Indonesia,2021-06-14,1919547,8189
IDN,Asia,Indonesia,2021-06-15,1927708,8161
IDN,Asia,Indonesia,2021-06-16,1937652,9944
IDN,Asia,Indonesia,2021-06-17,1950276,12624
IDN,Asia,Indonesia,2021-06-18,1963266,12990
IDN,Asia,Indonesia,2021-06-19,1976172,12906
IDN,Asia,Indonesia,2021-06-20,1989909,13737
IDN,Asia,Indonesia,2021-06-21,2004445,14536
IDN,Asia,Indonesia,2021-06-22,2018113,13668
IDN,Asia,Indonesia,2021-06-23,2033421,15308
IDN,Asia,Indonesia,2021-06-24,2053995,20574
IDN,Asia,Indonesia,2021-06-25,2072867,18872
IDN,Asia,Indonesia,2021-06-26,2093962,21095
IDN,Asia,Indonesia,2021-06-27,2115304,21342
IDN,Asia,Indonesia,2021-06-28,2135998,20694
IDN,Asia,Indonesia,2021-06-29,2156465,20467
IDN,Asia,Indonesia,2021-06-30,2178272,21807
IDN,Asia,Indonesia,2021-07-01,2203108,24836
IDN,Asia,Indonesia,2021-07-02,2228938,25830
IDN,Asia,Indonesia,2021-07-03,2256851,27913
IDN,Asia,Indonesia,2021-07-04,2284084,27233
IDN,Asia,Indonesia,2021-07-05,2313829,29745
IDN,Asia,Indonesia,2021-07-06,2345018,31189
IDN,Asia,Indonesia,2021-07-07,2379397,34379
IDN,Asia,Indonesia,2021-07-08,2417788,38391
IDN,Asia,Indonesia,2021-07-09,2455912,38124
IDN,Asia,Indonesia,2021-07-10,2491006,35094
IDN,Asia,Indonesia,2021-07-11,2527203,36197
IDN,Asia,Indonesia,2021-07-12,2567630,40427
IDN,Asia,Indonesia,2021-07-13,2615529,47899
IDN,Asia,Indonesia,2021-07-14,2670046,54517
IDN,Asia,Indonesia,2021-07-15,2726803,56757
IDN,Asia,Indonesia,2021-07-16,2780803,54000
IDN,Asia,Indonesia,2021-07-17,2832755,51952
IDN,Asia,Indonesia,2021-07-18,2877476,44721
IDN,Asia,Indonesia,2021-07-19,2911733,34257
IDN,Asia,Indonesia,2021-07-20,2950058,38325
IDN,Asia,Indonesia,2021-07-21,2983830,33772
IDN,Asia,Indonesia,2021-07-22,3033339,49509
IDN,Asia,Indonesia,2021-07-23,3082410,49071
IDN,Asia,Indonesia,2021-07-24,3127826,45416
IDN,Asia,Indonesia,2021-07-25,3166505,38679
IDN,Asia,Indonesia,2021-07-26,3194733,28228
IDN,Asia,Indonesia,2021-07-27,3239936,45203
IDN,Asia,Indonesia,2021-07-28,3287727,47791
IDN,Asia,Indonesia,2021-07-29,3331206,43479
IDN,Asia,Indonesia,2021-07-30,3372374,41168
IDN,Asia,Indonesia,2021-07-31,3409658,37284
IDN,Asia,Indonesia,2021-08-01,3440396,30738
IDN,Asia,Indonesia,2021-08-02,3462800,22404
IDN,Asia,Indonesia,2021-08-03,3496700,33900
IDN,Asia,Indonesia,2021-08-04,3532567,35867
